%YAML:1.0
cvF: !!opencv-matrix
   rows: 3
   cols: 3
   dt: d
   data: [ -3.6451056868056576e-06, 9.3014844748344830e-05,
       -2.9307461132746959e-02, -9.4545590650437980e-05,
       -1.2861443818544522e-05, 2.3892421569147726e-02,
       3.1707783769346298e-02, -2.3567331621901555e-02, 1. ]
myF: !!opencv-matrix
   rows: 3
   cols: 3
   dt: d
   data: [ -1.1908073971522813e-07, 3.0466485389275700e-06,
       -1.7338698435686679e-03, -5.5620445460626845e-06,
       4.8944820551359512e-07, -1.9535207296094845e-02,
       2.4571524575477707e-03, 1.9347706322723587e-02,
       1.5267203077937186e-01 ]
