%YAML:1.0
R: !!opencv-matrix
   rows: 3
   cols: 3
   dt: d
   data: [ 9.9988627743216130e-001, -6.4263613999233681e-003,
       1.3643096496492585e-002, 6.2538081197812114e-003,
       9.9990039238596162e-001, 1.2652872812170333e-002,
       -1.3723049473640758e-002, -1.2566112587334859e-002,
       9.9982687037686002e-001 ]
T: !!opencv-matrix
   rows: 3
   cols: 1
   dt: d
   data: [ -6.0937020844946188e+000, -3.6342901053898279e-002,
       -1.7936815271466197e-001 ]
E: !!opencv-matrix
   rows: 3
   cols: 3
   dt: d
   data: [ 1.6204694390553865e-003, 1.7980697526732925e-001,
       -3.4067086598282441e-002, -2.6297192969089422e-001,
       -7.5421461894455435e-002, 6.0901999471333186e+000,
       -1.7700755296724199e-003, -6.0933286579858148e+000,
       -7.6607007724326839e-002 ]
F: !!opencv-matrix
   rows: 3
   cols: 3
   dt: d
   data: [ 4.0793935448538439e-008, 4.5264871804852782e-006,
       -2.2756525316784512e-003, -6.6200939468758865e-006,
       -1.8986709491728071e-006, 1.8791358842640482e-001,
       1.5942372985168738e-003, -1.8637440486841236e-001, 1. ]
R1: !!opencv-matrix
   rows: 3
   cols: 3
   dt: d
   data: [ 9.9906916405875690e-001, -8.3245355788731971e-004,
       4.3129020948897756e-002, 5.6334979259732750e-004,
       9.9998030184937770e-001, 6.2512838872066196e-003,
       -4.3133375290460192e-002, -6.2211682424789944e-003,
       9.9904995320642054e-001 ]
R2: !!opencv-matrix
   rows: 3
   cols: 3
   dt: d
   data: [ 9.9954931038998840e-001, 5.9613222278174990e-003,
       2.9421739176922271e-002, -5.7776622161747459e-003,
       9.9996331597887012e-001, -6.3233943304454449e-003,
       -2.9458355660397968e-002, 6.1505555715440667e-003,
       9.9954708540815962e-001 ]
P1: !!opencv-matrix
   rows: 3
   cols: 4
   dt: d
   data: [ 1.1600972941020677e+003, 0., 2.6811134910583496e+002, 0., 0.,
       1.1600972941020677e+003, 2.6091782188415527e+002, 0., 0., 0., 1.,
       0. ]
P2: !!opencv-matrix
   rows: 3
   cols: 4
   dt: d
   data: [ 1.1600972941020677e+003, 0., 2.6811134910583496e+002,
       -7.0724747901913461e+003, 0., 1.1600972941020677e+003,
       2.6091782188415527e+002, 0., 0., 0., 1., 0. ]
Q: !!opencv-matrix
   rows: 4
   cols: 4
   dt: d
   data: [ 1., 0., 0., -2.6811134910583496e+002, 0., 1., 0.,
       -2.6091782188415527e+002, 0., 0., 0., 1.1600972941020677e+003, 0.,
       0., 1.6402989455840553e-001, 0. ]
validRoiLeft: [ 23, 12, 611, 454 ]
validRoiRight: [ 4, 17, 610, 456 ]
