%YAML:1.0
R: !!opencv-matrix
   rows: 3
   cols: 3
   dt: d
   data: [ 9.9881009527314946e-01, 2.5402232974500196e-02,
       4.1630759545692515e-02, -2.2932500227930325e-02,
       9.9800840755022813e-01, -5.8764946118870294e-02,
       -4.3040608891348524e-02, 5.7740324028939853e-02,
       9.9740340934212524e-01 ]
T: !!opencv-matrix
   rows: 3
   cols: 1
   dt: d
   data: [ -4.4785448799375045e+00, -5.4845717122352056e-01,
       5.7343629418145070e-01 ]
E: !!opencv-matrix
   rows: 3
   cols: 3
   dt: d
   data: [ 3.6756258547306561e-02, -6.0396233756997553e-01,
       -5.1333509952629952e-01, 3.7999466104471497e-01,
       2.7315919488657231e-01, 4.4907885206192262e+00,
       6.5050879092296965e-01, -4.4556934069287006e+00,
       2.8601413717678698e-01 ]
F: !!opencv-matrix
   rows: 3
   cols: 3
   dt: d
   data: [ -2.3359939062292014e-07, 3.8384003049156687e-06,
       2.9360790498772407e-03, -2.4150042677973588e-06,
       -1.7360260263276075e-06, -3.2956479577345550e-02,
       -3.9911941626799528e-03, 3.3417394751904229e-02, 1. ]
R1: !!opencv-matrix
   rows: 3
   cols: 3
   dt: d
   data: [ 9.8615374941320955e-01, 1.3807796981743350e-01,
       -9.1843653941709985e-02, -1.4087496255260257e-01,
       9.8971996047768596e-01, -2.4670726739412889e-02,
       8.7493013687216667e-02, 3.7267600984553326e-02,
       9.9546777872153391e-01 ]
R2: !!opencv-matrix
   rows: 3
   cols: 3
   dt: d
   data: [ 9.8466428809028472e-01, 1.2058519106731773e-01,
       -1.2607716468461300e-01, -1.1659329884590572e-01,
       9.9242923071541211e-01, 3.8603428420860945e-02,
       1.2977766535071383e-01, -2.3311664824153755e-02,
       9.9126904716088293e-01 ]
P1: !!opencv-matrix
   rows: 3
   cols: 4
   dt: d
   data: [ 7.5807321110956298e+02, 0., 4.0458859634399414e+02, 0., 0.,
       7.5807321110956298e+02, 3.3698169803619385e+02, 0., 0., 0., 1.,
       0. ]
P2: !!opencv-matrix
   rows: 3
   cols: 4
   dt: d
   data: [ 7.5807321110956298e+02, 0., 4.0458859634399414e+02,
       -3.4479415363149819e+03, 0., 7.5807321110956298e+02,
       3.3698169803619385e+02, 0., 0., 0., 1., 0. ]
Q: !!opencv-matrix
   rows: 4
   cols: 4
   dt: d
   data: [ 1., 0., 0., -4.0458859634399414e+02, 0., 1., 0.,
       -3.3698169803619385e+02, 0., 0., 0., 7.5807321110956298e+02, 0.,
       0., 2.1986254787827997e-01, 0. ]
validRoiLeft: [ 167, 165, 374, 258 ]
validRoiRight: [ 130, 141, 387, 269 ]
