%YAML:1.0
R: !!opencv-matrix
   rows: 3
   cols: 3
   dt: d
   data: [ 9.9822081355990910e-01, -7.7383332698029751e-03,
       -5.9121278521347902e-02, 8.0498543529941187e-03,
       9.9995493419411441e-01, 5.0328347618390995e-03,
       5.9079668420607391e-02, -5.4997980917352593e-03,
       9.9823812039025106e-01 ]
T: !!opencv-matrix
   rows: 3
   cols: 1
   dt: d
   data: [ -5.1107424864758055e+00, 1.0177314911267403e-01,
       4.4917712638734825e-01 ]
E: !!opencv-matrix
   rows: 3
   cols: 3
   dt: d
   data: [ 2.3969134575832301e-03, -4.4971661562944198e-01,
       9.9333202820527239e-02, 7.5031892801898203e-01,
       -3.1583934075627665e-02, 5.0751820475036418e+00,
       -1.4273280835759666e-01, -5.1097246122012274e+00,
       -1.9704563750058357e-02 ]
F: !!opencv-matrix
   rows: 3
   cols: 3
   dt: d
   data: [ 3.7939577219776438e-08, -7.1183455588309558e-06,
       3.8122226293129616e-03, 1.1876433343462747e-05,
       -4.9992672950938004e-07, 1.0041272062415907e-01,
       -5.8268409109164107e-03, -1.0221103477759247e-01, 1. ]
R1: !!opencv-matrix
   rows: 3
   cols: 3
   dt: d
   data: [ 9.8886092154907246e-01, -2.7057992412968829e-02,
       -1.4636236838647715e-01, 2.7426810484238617e-02,
       9.9962368816767999e-01, 5.0211622796983955e-04,
       1.4629370423836011e-01, -4.5107760556752363e-03,
       9.8923091591376922e-01 ]
R2: !!opencv-matrix
   rows: 3
   cols: 3
   dt: d
   data: [ 9.9596406771564094e-01, -1.9833204244337915e-02,
       -8.7534106659726676e-02, 1.9612906078134946e-02,
       9.9980194821836232e-01, -3.3761300237683512e-03,
       8.7583729850265482e-02, 1.6457059790585542e-03,
       9.9615580202965548e-01 ]
P1: !!opencv-matrix
   rows: 3
   cols: 4
   dt: d
   data: [ 9.3698430860772464e+02, 0., 4.4465263938903809e+02, 0., 0.,
       9.3698430860772464e+02, 2.4989587593078613e+02, 0., 0., 0., 1.,
       0. ]
P2: !!opencv-matrix
   rows: 3
   cols: 4
   dt: d
   data: [ 9.3698430860772464e+02, 0., 4.4465263938903809e+02,
       -4.8080906434165445e+03, 0., 9.3698430860772464e+02,
       2.4989587593078613e+02, 0., 0., 0., 1., 0. ]
Q: !!opencv-matrix
   rows: 4
   cols: 4
   dt: d
   data: [ 1., 0., 0., -4.4465263938903809e+02, 0., 1., 0.,
       -2.4989587593078613e+02, 0., 0., 0., 9.3698430860772464e+02, 0.,
       0., 1.9487658991842968e-01, 0. ]
validRoiLeft: [ 90, 81, 460, 337 ]
validRoiRight: [ 143, 74, 467, 345 ]
