%YAML:1.0
M1: !!opencv-matrix
   rows: 3
   cols: 3
   dt: d
   data: [ 1.1956901219859496e+03, 0., 2.9074920168727266e+02, 0.,
       1.1956901219859496e+03, 2.6904348713136261e+02, 0., 0., 1. ]
D1: !!opencv-matrix
   rows: 1
   cols: 12
   dt: d
   data: [ -6.1361179481752637e-01, 2.0072999356196771e+01, 0., 0., 0.,
       0., 0., 1.5229431886212879e+02, 0., 0., 0., 0. ]
M2: !!opencv-matrix
   rows: 3
   cols: 3
   dt: d
   data: [ 1.1956901219859496e+03, 0., 2.8105695804623093e+02, 0.,
       1.1956901219859496e+03, 3.6703746830270114e+02, 0., 0., 1. ]
D2: !!opencv-matrix
   rows: 1
   cols: 12
   dt: d
   data: [ -2.7729144209132417e-01, 4.1792083257533088e+00, 0., 0., 0.,
       0., 0., 2.7983469161929925e+01, 0., 0., 0., 0. ]
