%YAML:1.0
M1: !!opencv-matrix
   rows: 3
   cols: 3
   dt: d
   data: [ 1.2912845119867534e+03, 0., 2.9010612042688047e+02, 0.,
       1.2912845119867534e+03, 2.5187684669229637e+02, 0., 0., 1. ]
D1: !!opencv-matrix
   rows: 1
   cols: 12
   dt: d
   data: [ -1.4286222390611922e-02, 1.2469292131432868e+00, 0., 0., 0.,
       0., 0., 8.4004955545689697e+00, 0., 0., 0., 0. ]
M2: !!opencv-matrix
   rows: 3
   cols: 3
   dt: d
   data: [ 1.2912845119867534e+03, 0., 2.9574438512956635e+02, 0.,
       1.2912845119867534e+03, 2.4403692642571943e+02, 0., 0., 1. ]
D2: !!opencv-matrix
   rows: 1
   cols: 12
   dt: d
   data: [ -2.6564968344208811e-01, 1.0760872761023426e+01, 0., 0., 0.,
       0., 0., 1.2592005228855125e+02, 0., 0., 0., 0. ]
