%YAML:1.0
M1: !!opencv-matrix
   rows: 3
   cols: 3
   dt: d
   data: [ 1.2087830342530731e+003, 0., 3.1328332039939784e+002, 0.,
       1.2087830342530731e+003, 2.7089621646406664e+002, 0., 0., 1. ]
D1: !!opencv-matrix
   rows: 1
   cols: 8
   dt: d
   data: [ 7.2640959563886498e-002, 9.2885691755836108e-001, 0., 0., 0.,
       0., 0., 1.1610723132653387e+001 ]
M2: !!opencv-matrix
   rows: 3
   cols: 3
   dt: d
   data: [ 1.2087830342530731e+003, 0., 3.1598378870921573e+002, 0.,
       1.2087830342530731e+003, 2.5090143383516377e+002, 0., 0., 1. ]
D2: !!opencv-matrix
   rows: 1
   cols: 8
   dt: d
   data: [ -8.1097829378717345e-002, 2.6968199230355521e+000, 0., 0., 0.,
       0., 0., 1.5959820136823186e+001 ]
